x <- 10
y <- x + 20
z <- x + y